229880
1639040
230440
225130
223800
223350
362900
232560
226360
225300
224220
223830
224680
223530
223000
222660
224120
222760
222750
223130
223560
222950
222550
222980
223440
223050
223170
223590
223030
223760
223800
223780
224180
223600
222830
222840
222970
222830
223400
223390
223630
222830
223780
223790
222330
222680
223320
222250
222350
223710
390980
235600
225440
225410
223710
222450
222530
222970
223710
224370
224060
222840
223390
222870
223330
222790
223830
223520
224000
222820
222680
223420
224220
223510
223850
223230
224320
222680
222640
223810
222990
224170
223040
223770
223120
223210
222070
221920
222900
223050
223680
224210
223460
223370
388510
229890
225140
224110
223220
224170
223350
223030
223420
223820
222960
223290
223230
223160
223190
223260
224080
223430
223260
223910
222920
223430
222630
222790
222340
223320
223090
222990
222790
223690
222920
223380
223150
223790
222820
221970
223310
223370
223650
222260
222990
224550
223440
222380
389230
233650
226490
225110
223710
224570
222870
223030
223140
223830
222540
224000
223440
223530
223730
222640
223200
223420
221930
223320
223500
223160
223490
223490
222610
223170
223060
222450
222450
222070
222450
222510
222670
223500
224140
223670
223880
222990
223790
223580
222780
223450
223540
223500
386890
230550
225180
223610
223400
224590
222930
222960
223100
223740
223530
222950
222460
223430
222760
222420
223010
222820
222840
223750
222810
222940
223000
222870
221950
222700
223480
222970
223660
222230
222410
222600
222850
223230
223400
222900
222570
223620
222770
223850
224260
223380
222670
223580
386610
231760
225940
224550
222780
222460
223270
223680
223080
223040
223340
223910
223550
222610
223280
223050
223430
222890
223450
223340
223090
223910
223850
222260
222420
223300
223360
222800
223660
223650
223500
223670
223340
222660
222700
222890
222820
223800
223570
224030
223150
222990
223170
222160
428770
230730
224620
223320
224160
223300
222750
223200
222940
222490
222610
223560
222620
223020
222440
223060
223360
221790
223450
222560
222380
223760
222510
223660
222730
222950
222910
224600
222380
223490
223000
224050
222080
222550
223120
222810
224030
223320
222230
224240
223730
222030
222410
222440
346790
232880
227770
223830
223750
224290
223170
223250
222400
222790
222990
223860
223270
223770
222970
222970
222510
222670
223470
223350
223140
223900
223020
222140
223040
223550
223120
223270
223820
222830
223220
223850
222850
223410
222680
222490
221910
224570
223360
221480
223280
222960
223310
222960
389040
229780
226020
223340
223650
222770
223450
222870
222770
223430
222610
223640
224100
223990
224260
222500
222910
222550
223050
222900
223000
223700
222830
223220
223590
223840
223510
223310
222000
223520
223200
223330
223030
223490
223210
223330
223460
222950
223470
224110
223170
223070
223160
223460
388930
231900
224930
222820
223380
223280
223380
223230
223100
223140
222940
222280
222990
223030
223840
223630
223390
223640
223340
224050
223260
223810
223440
222940
223320
223240
222700
223380
223430
222880
222790
223140
222800
222940
223180
223740
223580
222450
222650
223970
222620
222780
222900
223490
423260
231610
224480
224740
223820
223300
223440
223510
222640
221770
223040
223070
224690
224440
222970
222470
223580
222280
222990
223280
223080
223140
223100
222020
222560
223540
222890
223160
223110
222530
223230
223720
222430
222540
222290
222440
222710
223490
223320
222710
223510
221930
223420
223550
447070
235300
227820
223540
222620
223880
223380
223180
222950
222990
222530
223300
223860
223950
222820
222660
223330
223440
223230
223010
224080
223360
223160
222950
223950
222980
222930
222490
223810
223480
224180
223220
222160
222480
222650
222920
222470
222140
223790
223360
223300
224060
223810
223650
450740
232280
225360
224810
223230
224280
223800
223580
224030
223250
222990
223170
223460
222750
222860
223410
224050
223180
222540
222850
222770
223680
222450
222110
222780
222680
223390
222790
223000
223710
222780
223000
223040
223290
222960
223030
223610
224010
223610
223290
222570
223280
222950
222760
313630
227050
224190
224050
222680
223140
223820
223300
1962540
232100
224020
223710
223400
223430
224300
223840
223020
222810
223850
223380
222890
222790
222560
223570
223970
223400
223500
222910
223390
222510
223650
223590
222450
222290
222540
223510
398230
234890
226470
223990
223690
222640
222370
222770
223400
223480
222980
223550
222690
223880
223850
222710
223520
223170
223030
224290
223570
222720
222460
223240
223370
223070
223620
223630
222410
223420
223900
223190
223020
222880
224300
222380
222730
222800
222420
223610
222820
222490
222500
223220
351480
229330
225650
224000
224050
222700
223010
222980
222770
222850
223090
223090
223520
222960
222740
223590
222970
223710
223770
223130
223640
223140
222650
223500
222610
222620
222520
222440
222330
223510
223420
223390
223250
223100
222950
222170
222980
224010
222900
223680
223320
223030
223220
223300
428900
235580
225470
223510
223230
224120
224250
223910
223370
223490
223190
222430
222540
222800
223860
223060
223420
223750
222200
223270
222580
222730
222710
223550
223250
224010
222920
223410
223350
223120
223550
223100
222970
223470
223870
222610
222340
224130
222280
222540
222830
223170
221530
222410
386920
229990
224830
223320
223310
223000
223660
223130
222850
222770
224780
223300
223740
223510
223410
222770
223100
223730
223110
222820
222560
222350
222750
223420
222630
223080
222070
223050
222800
223480
222600
222640
223140
223270
223280
223380
224490
223760
222630
222810
222560
223270
222870
223090
389840
231970
226310
224300
225030
223300
222900
223920
223400
222730
222240
223280
223850
223840
222950
222860
223100
223320
223460
223420
223180
222980
222910
222840
222180
222370
222690
223830
222960
223360
223410
223050
223600
222800
222610
222270
222320
222290
223370
223350
224310
223050
223250
223850
389990
236460
227100
225810
225650
224780
224670
223680
222940
223650
222420
223840
223930
222570
223810
223510
223110
222840
223780
223590
222860
223260
222400
222520
223870
223070
223520
222840
223070
223440
223410
222210
222540
223460
223180
223740
223860
223480
223260
222670
223730
222580
223030
221880
372720
233820
227550
223420
225010
223560
222490
223100
223430
222430
222730
223720
223520
223420
222790
223380
222920
223190
223080
222400
222760
223180
223290
222940
223880
223210
223110
223530
222840
223200
222750
223760
223180
223350
223830
223810
222580
224530
223340
223180
223960
223090
223260
223360
390530
230300
225050
223670
223990
224380
223300
222600
223760
222670
223480
222800
224610
223400
223100
223820
223100
222210
223070
224510
223230
223290
223990
224120
222770
222660
223190
222510
223180
223300
222600
223350
223680
223310
223470
224290
222960
222680
222090
222850
222750
222440
222590
222420
391020
231170
224990
223680
222490
224360
224290
223350
223500
223770
223380
223810
223960
223050
223020
223390
223340
222440
223030
222760
222860
223320
222490
223040
223020
222370
223510
222750
223870
223220
222970
222640
222320
