230670
1579600
231160
224710
224690
224270
223800
223840
223200
222870
224020
223030
223740
223920
223640
222890
224220
223600
223780
224050
222450
223070
224560
223390
223400
223700
222630
224080
223350
223290
223180
223360
223570
224000
913010
245280
227290
224960
224440
223890
223180
224070
223900
224260
223970
223020
223760
223100
222690
224160
223530
223850
223490
223470
223740
223540
222770
223690
222420
223380
222480
223720
223950
223110
223240
222550
224190
222490
222810
222730
223810
223230
224230
223010
223430
452530
236330
228690
225080
223000
224030
223770
223670
222920
222680
223150
223070
223980
223410
223610
223130
222800
223460
223110
223710
222900
223840
222620
223180
223230
222520
224290
222630
223320
223860
222830
223650
223980
223080
223190
222180
222360
223820
223810
222930
222010
223550
223730
222750
6974750
255050
225600
224340
223360
223670
224330
223340
222560
224080
222400
222960
223420
222660
498850
235290
225910
224100
223730
222700
223660
223640
223420
223090
224200
223790
224030
222720
222950
223190
223170
223150
223680
223170
223090
223030
223960
223460
223450
222990
222970
223830
222590
223660
223800
224330
224550
222760
222780
222220
222850
223400
223790
222620
222880
222820
222270
223650
329710
228570
223830
223040
224050
223340
223120
223340
223690
223250
222480
223740
223140
223320
222520
223130
224200
222890
224030
223120
222240
224080
223050
222870
222850
223330
223110
222710
222350
223670
223920
223230
222780
222960
223140
222980
224680
224080
223390
222880
222170
223240
222680
222670
427900
236460
226140
224250
223100
223570
222920
223110
222860
223440
223840
223230
224040
223030
222790
222550
223090
223590
223300
223020
222300
223720
222900
222970
223510
223930
223650
222690
223110
223120
222930
223790
223460
223850
223990
222890
223630
223600
223620
223180
222520
222220
222680
223310
328710
229420
223490
224520
224250
224070
223700
223140
223530
223600
222880
223020
223540
223220
223930
223990
223190
222860
223020
223250
222920
222930
222890
223120
222850
223340
223290
223270
223620
222760
224160
223770
222470
222880
223440
222820
223630
222180
222790
223430
223860
223030
222710
223590
388420
232970
225400
223840
224150
223200
222990
224960
223400
223140
223500
222030
222730
223060
223440
223070
222970
223360
224330
222940
223130
222870
223170
223170
223530
222550
222920
223600
222790
222720
223120
223140
222810
223070
222440
223400
223030
223330
223330
222480
223090
223750
223530
224010
389480
230230
223900
223430
222700
223870
223470
223340
222830
223250
223770
223010
223820
223950
222260
223690
223400
222530
221870
224040
223490
221740
222620
222470
223380
222590
223680
223480
223050
223320
222760
222440
223210
222700
222950
223070
222770
222610
223400
223520
222740
222890
223980
222300
387430
231120
226060
224270
223260
222550
222800
222800
223330
223450
222640
223100
223260
223690
223970
223360
222350
222480
223560
223810
222750
222930
223410
223660
223260
222830
223700
222760
222600
223630
223810
223500
222750
223170
223150
223920
222650
222370
223820
223070
223590
223730
224260
223470
389960
228820
224940
223260
223940
223190
224210
222990
223050
223120
223020
223600
223090
222860
223300
222830
223530
223650
222710
222430
223080
222740
222830
222440
223210
223250
223700
222950
222690
222830
223090
223060
223610
222650
223150
223000
222940
223170
223130
223340
222820
223430
223530
223320
385970
232810
226580
223980
223910
223280
224470
223530
223020
223240
222260
223730
222660
222950
223230
223310
224150
222970
222170
222950
222670
222570
223150
223480
222900
222610
223150
222910
223410
223010
222480
222560
222870
223380
223260
223490
222760
223970
223550
223260
222210
223630
223470
223400
389440
231630
224240
223700
223820
224110
222770
223150
223320
222680
223070
223870
223920
223220
222790
223050
223050
222910
222010
223180
223210
222850
223500
223610
223730
224310
223210
223060
223790
222510
223140
223430
223360
223080
222360
222370
223050
223550
222940
223170
222530
222930
222300
222630
385290
232720
227760
224680
224100
223060
223080
223130
223350
223040
223500
223190
1983100
232110
224160
223350
224410
223390
223600
223120
223340
224280
224100
223630
223060
223120
223860
223430
223310
223790
223820
224940
222920
223350
223260
224550
223500
471310
228860
225100
224170
223700
224440
224440
223900
222800
223070
223350
223540
223050
223360
224090
223410
223770
223790
223170
223090
223570
223110
222320
224170
222880
223760
223810
222410
223850
223520
224380
223320
222660
222540
223560
223920
223730
223090
223220
224170
222740
222760
224030
413060
232300
225390
224580
223640
224350
223620
221880
222820
222570
223420
223320
223950
222770
224180
222710
222140
223440
223040
222870
223270
222690
223180
224470
223440
223350
222940
222760
223970
223930
223040
223150
222960
222080
223510
223990
223200
223770
223180
223420
223160
223050
222780
223820
330930
233560
225870
226070
223060
223600
223570
222380
222790
224040
222750
222780
223620
223890
223540
222460
222270
223520
222570
222890
223750
223110
222310
222900
223160
223260
222530
222970
223640
223340
222900
223180
223950
222630
222380
223330
222380
223050
223040
223710
223010
223860
223070
223250
389170
230170
224790
222770
222920
223360
222700
222370
223730
222390
222300
223210
223390
223150
222640
223120
223540
222860
222940
223080
223810
223290
222710
222910
223290
222860
224420
223540
222310
222310
223190
223250
222320
223000
223330
222330
223830
224430
224190
222700
223410
223030
223580
223300
387290
232260
226370
224760
224300
222990
223080
224340
223180
223270
223390
223710
223570
224010
223560
223330
223410
222970
223080
223160
222500
221570
223330
222850
222620
222830
222870
224300
223220
222410
222910
222900
223260
222860
222410
223040
223180
222960
223500
223630
223340
222400
222750
222700
408950
230970
225450
222930
223220
222170
223670
223170
223690
223640
223990
223910
223950
222640
223760
223000
223060
223560
222090
223120
223570
223570
223750
222900
222480
223160
221850
223820
222730
222780
222780
223850
224350
223180
224150
224280
222680
222360
222880
222290
223890
224210
223420
222990
346510
231560
225280
224390
223300
223440
224260
223400
221980
223190
222840
223440
224680
223250
222660
222640
222950
223750
223750
222720
223060
222920
224010
223420
222570
223070
223190
222800
222940
223410
222860
222660
223630
223560
222610
223110
223700
222900
223450
223180
222490
222760
223160
222950
388180
231110
224890
224670
223280
223230
223240
223100
223590
223390
222370
222390
223720
222800
223510
221810
222010
222840
223160
222240
221760
222750
222150
223020
222840
222640
223690
221590
222370
223120
222350
222540
223400
222470
222180
222830
222650
223060
222390
223080
222680
223190
223160
222640
222990
395250
230090
224150
223440
223120
223340
223350
222980
222950
223170
223370
223200
223400
222760
223300
222920
223250
223180
222590
222510
223130
223310
223490
222620
223730
222680
223740
223030
223560
223210
223060
223970
224160
223390
221810
224140
223020
