633490
1828800
136390
1036360
995250
1005570
999370
999910
998510
1193910
807840
992060
1007070
998310
996340
1008040
993700
998640
1005400
1152760
10116580
10005830
9946110
9971740
9969970
840450
992040
1006350
994040
998840
998090
1002310
996240
1003800
1116790
882640
1002030
1001280
999870
1000140
1003520
994740
1000180
1002510
1428430
572450
1001320
994670
1004310
997250
998270
995040
1005000
996840
1117520
885380
1004310
999670
996410
1005860
994040
1005200
1000410
2143370
10017180
10042510
9955470
10001540
841790
994060
1002230
997010
1001090
999020
1000760
1000180
1001180
1119960
873720
1000850
1001870
1001980
1000350
995830
1007140
995620
997280
1122220
883490
1001490
998290
1001010
1000310
994180
1007740
994430
999670
1116220
882690
997020
1003580
997530
1001340
998280
1003110
998490
1001850
1118000
888080
994160
1001590
1000940
999290
1003050
994130
1000580
998730
1121680
10044700
10003500
10033120
9964970
9996470
841290
990370
1009180
997550
1003270
997990
1001360
999260
999200
1113950
889460
995690
1001810
1000930
999800
999090
1001940
996120
996460
1116400
884710
998630
996690
1001190
1005550
998600
997130
1006310
999290
1118160
883980
996060
999570
1003040
999700
1000910
1002570
995930
1002390
11161090
9992380
10006200
10038300
9955360
846480
1001090
998760
994840
999670
1003730
998530
1002800
1000180
1115070
882610
1001490
1002570
993340
995770
1003970
999090
998620
997300
1122610
880360
1007330
995940
1001170
998910
1002240
998610
999240
1000680
1117350
886350
995560
1001520
1000230
1000100
999630
997200
997450
997630
11169350
9996340
10008980
9993850
10037720
810150
995520
994080
998860
1004530
999920
1001650
996370
1001350
1118740
879090
1000710
995170
1000080
998960
1003880
997820
1005770
1000940
1115070
883340
999510
1000790
1001020
1001090
995190
1000110
1000610
999010
1120190
882400
1000630
994110
999760
997520
1003000
998930
1002510
2152400
10016700
10000060
9991020
10000280
843340
992550
1007730
1002090
996110
1000700
998830
998170
998540
1126780
880320
995720
1004120
997410
1004210
997930
993640
1002450
997650
1166490
836670
993990
1004120
1000770
1006050
998760
1001440
1000510
995710
1118240
882480
1001990
996050
1002620
995780
999840
1000700
1002390
994720
1118320
884730
997140
1001140
997310
1004930
999840
999470
999590
999590
11358960
9808670
9999980
9996550
9996140
842850
1003330
999010
989660
1004740
997060
1002920
999880
999390
1118840
879870
1006760
1000320
996190
1000450
997770
1006790
996620
999300
1166070
840350
993940
999320
1001170
1000340
996780
999720
998210
997310
1123040
880640
1006130
1001480
994840
999280
999730
998870
1000510
1007330
11159060
9995670
9999540
10003150
10001030
838670
996430
1001130
999060
996810
999170
1002030
1006310
1001840
1121660
873940
1002530
1000920
998270
1001890
995940
1001700
999680
1001650
1116370
882560
994870
999900
996900
1001390
998680
1002040
1005290
1000640
1160010
838070
1002070
1002190
997220
1000740
999660
995370
1002070
2146410
10020140
9995730
10000040
10005850
839940
994590
997570
1002000
999810
998450
996330
999010
1002140
1116520
884570
995230
1008980
998530
1001040
995500
999180
1005060
1000100
1118030
879110
1001530
1000030
999310
1000380
1003560
995950
995190
1003260
1261820
740890
995310
1003460
998890
1003670
1000260
1000500
998870
1000830
1121730
877910
998550
1001440
1001350
995140
1003730
1000640
998460
1000030
1156480
10008200
9998190
10000440
9992070
10004840
841720
999890
998090
1000270
1000110
999710
1000470
997930
1003740
1114470
889400
999550
995920
996040
998510
997710
998460
1004770
999430
1125040
876200
1001910
1001620
1002180
993880
1000620
1001760
999340
999200
1128360
873370
1000740
1002150
994600
1003440
996280
1000070
999840
998260
11208820
9959590
9995510
10002700
9993440
852310
993310
1001700
994970
999730
1001490
998680
1006220
996030
1116870
875830
1005500
998030
1001370
999170
998280
1005390
999720
996670
1122110
885630
994590
1000870
996300
1005910
999320
1000430
999820
994590
1117850
889160
993760
998590
1001110
993300
1005350
996230
1005550
1002640
11167330
10036800
9954360
10295220
9711270
834560
999080
1001960
2145770
5141320
1314830
397730
997680
1004380
4524080
148340
259050
2106590
4873900
4304740
11003890
10070730
8898930
10007320
801950
992050
1002000
1001030
999390
994890
1005960
995270
1008050
1117300
887800
997650
993470
1006200
1000380
994180
1003530
1001220
999810
1114690
882750
1000980
1001600
991910
999770
1000720
998470
1003740
997740
1124390
877590
1006040
994670
1003610
1000680
996750
1000000
997660
1007270
1120920
877030
1001250
998950
1001070
988930
1000900
1007560
1000150
2143250
10020000
10004310
9995720
10001100
837500
989700
1003410
1000760
1000880
1000390
1002480
1001420
995760
1168000
833640
1002760
996100
1007080
997030
995510
1004590
999750
994600
1141530
864090
991500
1004790
994480
1005470
993720
1011230
994730
1003710
1119660
882580
998400
1001660
995450
1001020
1002070
1000120
994750
1001710
1115310
887530
998350
997240
993690
1003080
1006070
994840
1007870
2143900
10013850
10002940
9992660
9999230
849610
998310
997530
995520
1006630
996550
996830
1001570
1003900
1114180
884890
999780
996700
1003820
996490
999300
999020
999140
1002920
1165950
837730
993440
1003780
997620
1000800
1001560
1002850
999250
998370
1124850
880310
994550
1004910
993970
1000660
1001780
997720
994050
1002880
1117480
889020
995150
999690
1004780
1001730
999520
999130
1001830
991230
11167370
10004500
9990710
10009770
9998500
838280
999360
990920
1003760
995710
1004910
995450
999110
1009580
1116110
881740
1002850
997870
1001340
999250
1000750
994810
1004230
1000190
1164090
833730
1001210
1001980
994970
995540
1004850
1001320
997820
1000190
1138080
864260
1000710
1003170
996030
998250
1001970
1002120
1000540
997340
1251810
9915180
9990350
10007780
10001180
9995620
834790
998230
1002350
1000540
999000
1004460
998980
999570
998630
1116770
888190
996070
998210
998380
1003030
1000670
1002790
996160
1001330
1114740
882430
1000830
998260
996700
1004140
999490
1005810
1002390
994500
1164730
835630
1000440
1001970
1000640
994610
1006710
996030
1000830
2144440
10012180
10003180
9998840
10005000
838750
994780
1000690
998710
994600
1002010
999800
999970
1001350
1116800
881640
1006440
999650
1003210
996500
1002970
1001910
994600
998530
1121110
883300
999680
1001430
995560
999740
998540
1000430
1000620
1001020
1142810
851120
1004970
998650
1003970
1000420
999710
1001990
996120
999790
1118270
884000
999330
1001320
998930
999640
1003870
992640
1006300
2188090
9970480
9997640
10002270
9998300
845810
990610
1000130
1001420
997730
997830
999100
1008470
999570
1113180
886670
1001730
1000550
998180
1001930
995060
999560
1005720
1000480
1114240
883700
1001110
996930
998330
997240
997380
1003280
1004060
1000120
1121410
873040
1006470
1001460
1001530
998580
1001150
999480
999580
1000230
1115830
881410
1000860
1001240
999160
995660
998760
1002860
996070
2150590
10070590
9949150
10000960
9990090
846340
991110
1001110
1000400
1008450
995180
1001190
1002760
995620
1115710
889050
996590
1002830
1000380
997580
1003470
997730
997970
1000830
1112870
882870
1000040
997760
999780
1004040
1004090
1001610
994920
1000530
1114240
887590
999200
1004100
993470
1006060
1000480
997410
1001010
996410
1122200
877540
1001250
999720
996320
1003980
997240
998000
1002310
2149350
10015230
10049600
9952350
10005590
832910
998450
1001540
995130
999870
1002080
999910
1001690
1000940
1110260
888420
1000700
998150
1004880
996430
997790
997640
997590
1004240
1117340
883280
998580
1005640
1002060
997680
1001730
993330
1002300
997140
1117860
888980
994750
1000930
997990
1004280
