1085650
1683270
1063670
990420
996880
1000890
997660
1001350
999480
1222180
784070
996000
998660
998760
998480
999200
999870
999350
1001760
1247090
757670
998920
999330
998910
999670
1000530
1000230
999700
999700
8119100
894470
985360
1301090
702300
995810
1001530
1000250
998930
999700
1001830
999310
1002030
1242470
760510
994880
1001080
999410
1000460
1000610
998700
997020
1000580
1228940
775850
994700
999690
1003430
998630
1002120
998320
1000340
999380
1253580
753090
995730
998440
1000350
1000270
1001400
998160
999230
997610
1303460
701730
994300
1000540
999960
999620
1002900
1000270
1000940
998610
1242710
763550
995940
999150
998370
1000600
1000560
999290
1000490
1000260
1221490
779640
995570
999610
1001190
999780
999340
1000930
1003220
999360
1189460
808610
1001130
1000680
1000130
999050
1000050
1000750
1000550
998310
1187540
815120
998430
997690
1000690
1000180
998180
998530
1000670
1003680
1184810
815530
1001500
997500
1001760
998450
1001220
999860
999280
999880
1190940
813280
996500
999260
997930
999430
1000500
999300
999650
1001660
1188050
814270
1000890
999480
999400
999130
1001680
999120
999140
1000420
1200280
803530
997080
998680
1000740
1001020
995990
1000690
999500
1000320
1188660
813460
1000900
1000270
1000070
999550
999210
1000140
1001210
999750
1187910
815340
996480
999580
1000250
1000190
999490
996530
1000400
1001280
1190530
811360
997540
999190
1003110
1000200
1000260
1000800
998390
1001260
1205930
795710
999490
998460
1000530
999030
999280
1000970
999280
998090
1189880
812090
998940
998800
1000680
1001550
999670
1000590
1000330
1000920
1185780
817160
996650
999930
998150
1002790
998460
999950
999980
1000140
1188280
811430
996890
1001320
999030
1000420
1000720
1003000
998750
999590
1189220
813820
998430
998350
1000190
999840
1001190
999690
999880
999520
1185620
817990
994910
998660
998800
1001620
999590
1000840
999400
1002700
1199190
801840
1001580
997260
999950
1000680
1000230
999750
1001050
998620
1191060
813480
995380
1001060
996660
1000720
1000510
998530
1000100
999960
1187440
814290
1002010
998550
1000480
1000560
1001330
999430
998960
998040
1189590
814440
997360
999620
1000460
997160
998640
1001920
999330
1000000
1188510
814250
1001410
1000150
998610
1000230
999800
999360
1000330
1002230
1186630
813470
998940
1000420
998690
1000210
999000
997590
999740
1002030
1191430
810520
996930
1003940
998850
1000150
1000740
999650
998560
1001300
1186260
816280
997000
999370
1001090
1000150
998770
1001070
996980
998240
1193420
812180
996560
999540
999410
1003850
999470
1000390
1000050
999480
1185120
819210
995990
1000350
998840
999990
999880
1000890
998930
1000910
1198350
801610
998310
1000030
998150
999840
999310
1006940
998450
998930
1189630
812360
998250
1001240
998680
1000810
998830
999510
999840
1000920
1187170
815340
994860
1001100
998790
999570
1001240
998560
1002570
1001680
1536700
464900
999030
998470
1001380
999410
999080
1000570
998170
999940
1186850
817850
997760
995980
1000000
1000180
1000430
998980
999810
999520
1189720
814000
1000680
1001180
999160
999260
999930
999670
1000350
1001220
1184710
816700
997760
1001120
998540
998220
997680
1001000
1000060
1000320
1186440
817510
1000480
997960
1000370
999980
1000130
998910
1001910
1000870
1185790
816250
996360
1000170
999760
1000010
997760
999270
999370
1000560
1189720
811850
999300
1002210
1001460
998320
1000670
999750
999820
1000720
1197780
803220
998790
999130
999730
1000020
1000540
1000180
995530
1000570
1189280
813170
998110
999570
1000390
1003310
1000500
998550
1001640
998580
1186740
815040
998690
1000170
1001320
998360
1000640
998740
1000720
996890
1188840
813070
998780
998950
1000110
1000550
1003320
1000190
998700
1000690
1188350
812650
999790
999040
999250
1001190
998560
1000630
1000470
1000160
1186460
813320
998200
998470
1001190
999290
998030
1002040
1002520
1000950
1185390
813980
1001030
1000390
997480
999710
1000600
1000770
999280
1000670
1187750
815140
996460
996510
1000730
1000870
999300
1000260
1000410
1003610
1185840
814750
997780
1001090
999660
998930
1000820
1000030
1000500
998890
1188070
814650
999310
998990
996310
1000080
1000660
999360
2124910
1158600
725020
996290
999480
998810
1000400
1000760
999430
999980
1001250
1214020
787600
997370
999910
1000180
1001040
996660
999130
999700
1000220
1245280
758640
998680
1000540
999790
999060
1000880
1001190
997970
1001420
1421770
581370
996900
999500
999850
999270
1000900
997740
998230
1002280
1241330
760910
997120
999080
1003060
1001080
998550
1001020
998490
999660
1221240
784010
997060
998400
1001260
998940
1000710
998480
1002480
996260
1189410
811350
999120
998690
999890
1000790
1002190
1001550
997790
1001040
1189030
812830
998220
1001130
999140
1002020
998750
999310
1001130
997910
1188300
812780
997330
1000460
998730
998830
1002040
1001940
1000080
1001110
1191090
811000
998040
999390
999300
1000050
1000130
999510
999190
1000810
1197890
805400
994840
1000240
999840
1000470
999610
999780
999410
1003560
1187060
811600
1000660
1000600
1000150
999780
1000650
997910
1000170
999740
1188060
814900
998100
1001590
995110
1001250
999580
999800
999800
999530
1190370
813970
999080
999820
999170
1001210
1000740
1000280
999360
1001360
1188510
813340
998320
999460
998540
996890
999990
1000910
998880
1000890
1188640
812970
999480
1002680
997510
1001510
999310
1000150
1000940
999900
1188320
813050
999050
999560
999250
999840
1001740
995630
1000040
999400
1189020
813740
999330
996790
1005220
999190
1000230
999790
1001190
998760
1186720
816440
998720
998390
999570
999600
1001940
998160
1002490
995070
1188880
813570
998300
999290
1000680
1001700
1001120
998600
1001210
1000180
1199740
803150
995820
1001480
998640
1001790
998580
1001530
998280
1001180
1184780
814390
997730
1000600
998830
999980
1000500
1001510
1000190
1000230
1190770
812650
996170
1001260
1000550
1000020
999640
999890
1001380
999360
1352180
653240
991490
1000850
998560
999320
1000720
999680
1003280
1000100
1186800
814770
1000250
997590
1001330
999070
1000590
999230
999540
1000610
1187560
815700
997800
996490
999200
1000380
1000260
999950
1000170
1000070
1191220
811390
1000770
998770
1000070
999700
1000820
998100
1001310
1001260
1184000
818400
997380
998640
999970
997830
999150
1001230
998670
1000140
1188760
812490
1002770
999620
1000810
998320
1001260
999020
1000740
999680
1185950
816080
998600
999870
998980
1000310
995930
1000730
1000480
998990
1202130
801090
999590
1002520
999370
999800
999780
999220
1000770
999570
1811680
135160
1056770
997070
1000480
1001150
998110
999040
998340
999900
1190290
814400
996200
998860
999410
1003820
998050
1001590
998650
1002530
1189880
813740
997700
998100
1000140
1000060
998380
1001460
998790
1001250
1187410
811960
995940
1001660
998900
999530
1004890
998820
1000860
1000620
1184300
816260
999070
999370
999730
1000450
999570
999960
999550
999830
1187090
812450
997350
1001530
999260
1000380
999560
998740
1003730
999700
1185080
815750
1001490
998140
1000290
1001260
998360
1000170
998480
1001600
1187250
815740
998100
996030
1000170
1000290
998200
1000460
1001200
1002720
1188780
812400
998910
1000200
999030
1001810
998470
999410
1000930
1001190
1195540
805440
999210
999130
997610
998890
1000320
998700
1000620
1000990
1186120
816140
1000360
999300
1001010
999620
999450
1000270
1000080
1000260
1186670
816710
996760
998740
1002000
998520
997820
998620
999910
1000180
1189320
813130
998850
1002940
999880
1000270
999720
999310
1000030
1000410
1187500
815400
997690
999140
1000580
1000360
1000340
1000090
