836670
2917980
1047790
1137520
2085390
826060
2170110
782040
921850
1002090
1307570
1984900
778150
1580020
348750
1117450
972750
894930
2628260
511330
1249130
980660
932960
1003330
922160
927360
903020
1101910
986990
944570
1186210
760410
1066610
1237100
814920
938880
1137150
953540
833430
1068580
1466290
1927050
522580
1089870
996690
1261780
790520
963450
985700
1375390
690640
941800
991850
1377610
796270
746000
1079380
1258660
789130
951820
998560
923560
1172180
930400
974530
1282360
784650
946410
990480
2897990
1063370
961320
1826700
1177340
1108820
1942090
1004140
1015100
1247350
813550
941710
1127160
917180
882040
1090600
1978490
955450
1007240
1860270
145200
981230
1980270
1023910
978780
2199390
852300
1030450
1195990
816460
967400
1142540
903310
1543040
366510
984440
1945640
1150680
1110620
911600
882540
1080820
2012850
928110
1011660
1055850
959220
1011750
1143320
940210
837650
1031620
1950630
281050
736790
2023790
279570
704290
1222980
1377600
387530
1261750
951820
939700
954740
1022910
953900
1551970
403950
1187980
1336970
374470
1060190
2012710
148300
951530
1027760
945200
1102540
819630
1085970
1307470
1665080
983660
1342760
742030
899150
1122040
1024300
830450
1127520
1004390
1468890
398860
1144450
1037680
920520
1081790
1076660
930560
938330
876470
1170420
2644680
146560
1079260
1854100
142850
990170
962570
1056360
988330
984410
1910010
146630
914150
1953260
1045820
1331800
662220
1104220
1612900
233460
1049070
1991550
143840
891290
2048460
984380
1027960
1939830
977850
2116540
878110
1094560
1361730
1685890
905450
1919140
1040330
1099990
1462890
465890
1043500
1954820
148710
838340
1072900
1229160
818790
945950
1763300
128480
1118300
922070
1060600
1947190
149980
842760
1074240
1212020
818300
964780
1595120
385060
1029370
1899360
150490
874540
1076360
1358840
678620
944840
1508090
1704330
897400
874200
1520150
463460
1917100
146890
920700
986700
999910
1868960
1224100
973460
1198880
817540
991350
994190
2127850
786810
1248510
754070
2120780
914480
2856950
143490
968850
1224790
920590
956310
1021200
950650
1222890
726770
969190
1304000
699890
1890700
1122820
1688680
373160
941420
1130190
2030930
858540
981780
1551720
589430
1022590
1014510
935490
867960
1094960
2781170
1229510
1398570
668010
923780
985360
1248360
788480
960660
1008580
1441570
639840
926820
989610
1277370
797630
934830
974860
2759550
146890
1233390
997750
860650
1009760
1141610
1159180
679430
1272290
661400
1094200
1293280
614750
1070890
1234510
1790100
1732640
143970
1059970
1041410
1934020
1034430
2042780
971940
966240
1288830
924560
1805010
1959660
1004810
1239830
751580
1854020
1175930
1096170
1788530
188230
1758480
138200
1031170
1157390
810670
2421060
858800
747480
1314030
1035450
697810
944110
1869730
126490
1048530
935820
1895740
1141780
1026530
1251340
794540
992190
981360
2820430
1232640
1461300
592920
922830
976400
1264260
786260
959980
1009920
1208430
1237480
479530
2534040
669260
754780
1098290
1581010
359450
1503080
475530
1166860
1218150
663690
1035390
1840130
1403840
666030
1097220
997010
1213170
821330
961680
1403030
528260
1044330
1105890
1705230
143020
973870
1866450
1148480
1223360
964050
820320
1345920
651690
1533010
468800
1086200
1864200
1151920
1884290
131140
885730
1062130
1145510
940370
840050
1084150
1191840
821890
984390
1533280
430480
1185790
757730
1107440
1244540
653260
1094370
917450
1855920
126500
2031560
1060060
992540
928970
1319120
1190920
514620
1913710
130870
936520
1014780
1062880
985800
1011180
1495820
595300
923740
983250
1523820
527750
922010
1034790
1408790
631860
881920
1003300
1089450
1753590
1975170
1300840
1087890
971670
822390
1062290
1255520
786100
961240
924270
1667820
280830
1062060
1395690
798180
775420
2006620
147560
927820
999520
1031140
1219030
1130320
581050
1882030
146810
1025680
926660
2893560
149810
966990
1101220
1223490
662300
1066400
1945450
284650
704630
1003310
1697220
370310
968170
2057040
1030530
943170
936120
1116630
1104520
751410
1098080
1909830
150460
844980
1099130
1369440
675270
949350
1510120
568090
863170
1949020
284900
734930
2010720
277940
741350
1070280
2510190
431390
3556520
439470
1034370
1014550
923190
1048290
2061800
894000
994150
1059590
1917570
1070580
1177970
1915950
1081390
771540
1541260
600260
925140
1256490
1172860
578230
973420
1889900
1117020
1161830
982880
837170
1059780
985140
2739250
150340
1024170
1096600
1856440
1086610
1067260
1223520
817400
962090
976940
1444070
677790
925550
953630
1352630
831370
751760
1072190
2788230
193490
1031390
983990
1385300
788780
749240
1073900
1983650
146710
797760
977020
1094000
993220
1346190
685450
976810
1259710
792530
964040
1848970
1047950
1100870
1802730
1169620
1796470
1392210
801030
1026040
1201860
814870
975370
1427220
499690
1067050
1569170
407880
944330
1098940
1479890
594130
927240
987970
1257550
783950
955100
1044430
944610
1016730
1243480
819150
940420
1448290
477520
1103830
2221610
766840
956230
1018800
1201370
815530
995180
989890
1204540
819240
938720
1031640
990710
1017860
1472400
605970
929160
984480
1293940
780120
965470
979720
2537700
394180
994350
2570910
578940
849030
1303970
682040
1069990
1418020
530290
1110710
1465620
603300
920720
950810
2031040
991470
977690
936950
1215260
760160
1104510
1536850
370090
1017510
1003890
1063700
1399250
529170
1107940
1443160
604760
924180
984110
1435840
549950
945070
1006740
1302800
1130950
582920
1817140
1184420
1609080
359860
1062060
1407520
655650
948430
1002730
1536740
612130
769530
1062790
987160
1025730
931210
1006640
1112620
874950
1185850
930120
957020
2171170
846430
989680
1435620
635110
920980
1151860
914040
936960
953170
998350
1057710
1209660
816990
979620
1150730
1590670
1263310
992020
1887440
1051000
1057210
1225910
1115210
581230
1929470
128480
935190
1002430
1081890
998390
1406800
641820
881160
996170
1841300
1173210
1137530
961830
1947420
942450
1102400
1321450
650340
974150
1806500
140970
2087650
928440
1064300
1234550
1198600
489290
2836220
143920
1014280
1158890
1012580
1272770
577680
2543260
648930
884790
1029970
1842870
1042870
1061530
1907710
1049630
1497060
1423800
1143040
1893690
286420
706840
1250180
1343650
456430
2666880
245630
1041930
1194660
833740
1033080
982510
1028220
1252380
817270
1407670
872640
718590
1275900
784720
886240
992110
948570
1124240
882790
1336040
639920
1072680
945480
1167600
930670
960510
1250250
806080
939790
930890
2552960
666700
760450
1089380
1801750
143160
968870
2259220
771490
968100
1106080
1451080
468590
1072330
935380
1204540
768320
1116520
1226120
1247770
465640
1933710
144040
931390
1032710
1906190
133230
859780
1012310
1068550
1162110
926660
851940
1068920
1252160
788340
963410
4373450
663510
951920
952160
1944550
146630
923620
1577910
518220
866340
1434160
792160
753600
1096350
1254190
785480
975030
935470
1525830
464340
1006950
1289830
994650
680470
1046950
1180110
909000
870730
1013720
1067270
1217310
815730
962100
1411230
528750
1042190
2059900
915420
967820
2533550
586650
873770
1147540
1753490
2961800
146340
1046410
1030590
924840
2637080
521140
885870
1133760
835140
1026260
1998250
149870
819440
1071610
1555370
385970
1033130
935170
1055970
2239710
809750
2097390
833010
1194250
938370
1346410
1035030
613280
863870
2586920
551060
885220
956680
2087280
978250
1171380
1121500
752490
1108820
1353010
456670
1175590
2021340
145500
669670
1053070
989600
1494050
605570
925070
966370
1374960
637570
949260
995790
1207960
817690
998370
1155490
1097080
816230
961310
985100
2247000
696990
1935150
1039780
1108070
1230820
657240
1106280
915350
1126550
