9835790
10005930
10021750
9974670
9998950
9998610
9999500
9998500
9999180
9999650
9999110
10000920
9998570
10000780
9999880
10000090
10001390
9998260
10001240
9997770
10002930
9997700
10000370
10000810
9999850
10000320
9998700
10000040
10221880
9784490
9996190
9999960
10003450
9998490
9996270
9999410
10000340
9999000
10002340
9998550
9999280
10000400
9999620
10000800
10001190
10001160
9997880
10000220
10001070
9996560
10002400
9999870
10007350
9994970
9997990
9999890
9999160
10001260
9999380
10000500
9999320
10001410
9998570
10000710
10000350
10000410
9999310
10000460
9997180
10002290
9998770
10000220
9999280
10003180
9996540
10001270
10002010
9997270
10001270
9997070
10002860
9999230
10002150
9998680
9999770
9998150
10001930
9998840
10000930
9999850
9998410
10001950
9999830
9999250
9999490
10000880
10000950
9998960
10000770
9998660
10000810
9999750
10001620
9999060
10000470
9999100
9999600
10000450
10000160
9999450
10001020
9999450
10001260
9997990
10001310
9998820
10001290
9998470
10000860
9999540
10001680
9997940
10000800
10001330
9999190
9999720
10000400
9998650
10001130
9997990
10001790
10000820
10009640
9991240
9997710
10000740
10000990
9998250
10000400
10000850
9998740
9998360
10002170
10000190
10000410
10000050
9997830
10001420
10006200
9994950
9998870
9998930
10000410
10001720
9999440
10000690
9998770
9999580
9998330
10003700
9998050
9999440
10001780
9999680
10002080
9996820
10000100
10000070
9999660
10000750
10000790
9998290
10000410
9998540
10001430
9999670
10000870
10000100
9998960
10000280
10000760
9999340
10000130
9999980
10000060
9998840
10000760
10001110
9998710
10000330
10000830
9999280
9999220
10002430
9999220
10000360
9998250
10000570
10000080
9998490
10002380
9999720
9999220
10000130
10001580
9998970
9999790
9999200
9999770
10001510
10001150
9999010
9999250
10001300
9999130
9999470
10001920
9998450
9999850
10000480
9999560
9999940
10000610
9998880
10001960
9998500
10000310
9999170
10001310
10000120
9998880
10001110
9997500
10002430
9998940
9998610
10009310
9992370
10001250
9999100
10001130
9996980
10001360
10000390
9999870
10002200
9998950
9999350
10000530
9999660
10000750
9997830
10002460
9997950
10002380
9998670
9998870
10000620
9998580
10001220
10001560
9997910
10001100
10000490
9999860
9998910
10001780
9997540
10002900
9999280
9998760
9999120
10000270
10001060
9999220
10000680
9998950
10000400
9998440
10001890
9999480
10001170
10001340
9998670
9999500
10000400
9999480
10000410
9999440
9999130
10000860
10000630
9998430
10000710
10000320
9999660
10000280
9999500
10001250
9998700
10000680
10001570
9998170
9999940
9998460
10000920
10001810
9997790
10001830
9998960
10001430
9999530
10000380
9997620
10000290
10000550
10000170
9999580
10002280
10000670
9997380
10000190
9999690
9998910
10001110
10000970
9998850
9999790
9999660
10001810
10001290
9997120
10001960
9999120
10001910
10000530
9997070
9999520
10000530
10000950
10008060
9993350
9999030
9999290
9999020
10000940
10001360
9998720
10001590
9998390
9998840
10001890
9997490
10002410
9999400
9999560
10001170
9998850
10000070
10000090
9999980
9999140
10002670
9998590
9999020
10000810
10000760
9998290
10001660
9998680
10000780
10000230
10000430
9999500
9999720
9999730
9999440
10002030
9998500
9999480
10002870
9996780
10002290
9998610
10001530
9997990
9998810
10002460
9999690
10000400
10000280
9998790
9999100
10002210
9998440
10001290
9999630
10000570
9999440
9998440
10001230
9998020
10004210
10030180
9968250
10000240
9998350
10000420
9999860
10001170
9999810
9999830
10000850
9997460
10000960
10000590
9999780
9998430
10000960
10001700
9997950
10000460
10001040
9999070
10000160
10000300
9999540
10000380
10000500
10000290
9998610
10001260
10000220
10000220
9999110
9998590
10000080
10001620
9999890
10000560
9999360
10002330
9998280
9999380
10008960
9991920
9998580
10001620
9999710
9998800
10001850
9999520
10000250
9998910
10000690
9999870
9998840
9999870
10000740
9999360
10000200
9999430
9998800
10001090
10002990
9996390
10002260
10000030
9998920
10000410
9998980
10000950
9998540
9999760
10002240
9999300
9999470
10000960
9999800
10001540
9999760
9998290
10000520
10009390
9994790
9998770
10003570
9995910
9997230
9999900
9999950
9999950
9999470
10000190
10002340
9997490
10001160
9998610
10001680
9999910
9999610
9999440
9999900
10000910
9999760
9998700
10000770
9999930
9998930
10001390
9999770
9999790
10000030
10000950
9998050
10001200
10002000
9999220
9998370
10001420
9999130
9998850
9999850
10001520
9998380
10002570
9997280
10000990
9998740
10000280
10002190
9999190
10022960
10296470
9957890
13483430
6248540
9995820
9997730
10004420
9993700
9997280
10000430
10000390
9999070
10000120
9999670
10001860
10021680
9983240
9996090
10000290
10001600
9997270
10002300
9997950
9997740
10000360
9999580
10001240
10001410
9998160
9999430
10002510
9997280
10000440
10001060
10000290
9998570
10001320
9999180
10000610
10021480
10004650
9981570
9996740
10004280
9994790
10000970
9997060
9996650
10000890
10000800
9999310
9999750
10000640
9998360
10002470
9998730
9998180
10001530
10002120
9998840
10000360
9999130
9999990
10000290
10000120
10000420
9999460
9999520
9999340
10001700
9999680
9999330
10000170
10000220
9998500
10000890
10000630
10000430
9997870
10002670
9998110
10000210
9998950
10002120
9999410
9998130
10003780
9997840
10000560
9998940
10000590
9998950
9999590
10003710
9998490
9998640
10001390
10000510
9998980
9999740
9998170
10002390
10000600
10001530
9997360
9999900
10001300
9999330
9999390
9999640
10000810
10001380
9999360
9999470
9998370
10000520
10002980
9997300
10000670
10006690
9993500
9999650
10001650
9998910
9998660
9999750
10002110
9999500
9998190
10000210
10001440
9999990
10000470
9999330
9999530
10001880
9997310
10001000
9999170
10000830
10000830
9999540
9998600
10000100
10000300
10001410
9998750
9999910
9998960
10002050
9999310
9999690
10001900
10000490
9997800
10000700
10001860
9999170
9998560
10000990
9999320
10000110
9999810
10000110
9999990
9998900
10000130
10000490
10001110
9999450
9998920
10000980
10000600
9999090
9999510
10000630
9999640
9999540
10001170
9999320
10001050
9998050
10001550
9999170
10002550
10000820
9996130
10001390
9998800
10001310
9999790
9997640
10001700
10000880
9999490
10001180
9998990
9999300
10000660
9999390
9999090
10001750
10000020
10000020
9998500
10001690
9999490
9999210
10002270
9999620
9999370
9998810
10001080
9999790
10000550
10006080
9994050
9999630
9997530
10001450
10000820
9999460
9999770
10006660
9996280
9996350
10000650
10000240
9999250
10000310
9998350
10002240
9999930
9999830
10000230
9999900
10000880
9998650
9999520
10002880
9998350
10000260
9998710
10000200
9999910
9999750
10002000
9999860
9998830
10000310
10000270
9999380
9998470
10001430
10000690
9999850
10000130
9999220
10000180
10000030
9999500
10000640
9998280
10002020
10000500
9999920
9999310
9999790
10001170
9998980
10000630
10000370
9999280
9999510
10000550
10000150
10001910
9999270
9997030
10000620
10001710
10000960
9998060
9999080
10000760
9999530
10000110
9998700
10004380
9997540
10001360
9997840
10002000
9997950
10000620
10001300
9998080
10001980
9999290
10001170
9998510
9999870
10000330
9999690
10001500
9998560
9999450
10000550
9998270
9999860
10003740
10000030
9999700
9998870
10000150
9999470
10000370
9998230
10000750
10001060
10000320
9997250
10001350
10001160
9998460
10001290
10000460
10001830
9998740
9999280
9998090
10001680
10000690
9997920
9999710
10001960
10000690
9998970
9998390
10001000
10000880
9998170
10000560
10000930
10001230
9999350
9999420
10000690
9997890
10000200
10001210
9999500
9999040
10001490
10000200
10000110
9999380
9999470
9999860
10002870
9996490
10000700
10000060
10000800
9998980
9999490
9999260
10002460
10000030
10001210
9998870
9998630
10001430
10000460
10000140
9999380
9998940
10002180
9999220
10000620
9998410
10000050
10000480
9999200
10002600
9998720
9998980
10000610
9999240
10000980
9999390
10000430
9999430
10000230
9999200
10001480
9999960
9998820
9999570
10003370
9998600
9999750
9997530
10002030
9999470
10000090
10000090
9998850
10001310
9997730
10001170
9999640
10002930
9998210
9999930
10004210
9996700
9998550
9999830
9999740
10000830
10000670
9999360
9999850
10000080
9999650
10000880
10002130
9999120
9999420
9998570
10007180
9995760
10007960
9993720
9999000
10001170
9998440
9998220
9999340
9998370
10001120
10000530
9999760
10000440
9999440
9999800
10001070
10001000
9997180
10000740
10000500
9999460
9999810
10001130
9998440
10002060
9998580
10000560
10001560
9997200
10000180
9999660
10001720
10000540
9998590
