829950
1590350
412560
998850
1004660
996070
1001550
983470
1018140
1000420
997770
998160
1003230
997420
997390
999620
994290
985150
1021650
1006420
993500
998870
1005520
1000220
998860
996080
1000280
984550
1014600
1001180
1001900
1003290
996760
998040
994670
1000170
1006020
979260
1022410
1000810
994250
1004430
999080
1000520
999590
998440
1002530
984090
1221450
796100
999570
1001190
995230
1000940
1000200
998670
993790
989700
1016230
998530
1001130
998530
1007710
993650
1004620
994330
1005820
980070
1018070
999490
1003860
993090
1002810
1002640
998200
998700
1003560
979270
1014760
1002640
994860
1001990
1001740
998770
1002980
996520
1003940
985310
1170510
847440
995750
999460
1001770
999940
999930
1002080
999580
984810
1010420
1000680
1001150
995670
998070
1001700
1002730
1004910
996250
984210
1016370
1003210
1002500
995220
999320
1001820
1002560
996520
1003580
979660
1017780
1002600
994220
995560
998820
1005070
996790
1004870
994490
992500
1012190
1001540
1004290
997950
999730
997890
1003200
996150
1000420
982090
1017520
1003570
997310
999460
997440
999240
1001010
997450
1003560
981020
1015150
1009020
998130
1000390
995790
999970
1001520
1001380
998670
985540
1012140
1002940
1001030
1001680
996810
1000470
996650
999420
998030
985140
1017670
1000250
1001300
1001030
999560
998230
1006150
994220
1005380
983070
1009160
1006200
1001110
1003260
992890
1002200
1000180
996990
997440
981960
1018120
1000400
998830
997640
1008030
1002830
994480
1001050
1000950
983730
1015640
1004060
1000550
995730
1000900
1003270
998100
997100
998100
984900
1014470
1002230
998170
998850
1001230
1004400
998520
999610
997860
988160
1008530
1007450
1001880
996710
1000510
998390
999320
999530
1002190
980890
1019690
996960
1002150
994280
1003490
1001540
993250
1009060
998930
982410
1015650
1003260
999170
1000760
999580
1003310
994530
1005050
993390
989420
1014180
999890
997600
1000680
996370
1002820
997690
996800
1010830
982310
1012000
1005150
999970
999590
1000960
996370
997710
1005610
998140
982400
1017870
1003230
1000270
994050
996050
1000180
999130
1004150
999600
982380
1015250
1006850
1002150
996090
1001180
1002000
993760
997850
1005620
984040
1012230
1003970
1001870
1000500
999390
990580
998790
1005530
995570
989790
1008740
1004110
1004810
997220
1000580
1000130
999040
1000880
1003180
978490
1010590
1007210
1000520
999700
1001230
1001550
999060
997150
998650
985820
1012520
1001830
999750
1003740
996980
1000610
1002540
1001590
1002080
984090
1012430
1003380
995450
1002210
1000640
1000240
994390
1002360
998960
982320
1012080
1005900
1001230
998350
999760
1003260
1001290
998600
1001170
984440
1010130
1006330
1000420
998840
999210
999490
1000200
1000800
997480
987100
1012240
996410
1000490
1001720
1001950
994490
1006840
998830
998280
983170
1016430
1000610
1001940
1002160
999490
1002780
996100
998150
1003710
979580
1013080
1008420
996380
996610
1000200
1000290
998190
1001680
1004950
984310
1008870
1007550
1000650
994480
1004520
997980
1000250
998520
998870
983390
1019290
1001400
1000840
992860
997430
1006390
998460
1000300
994770
990640
1012460
1006680
1000770
998980
999110
999210
998460
999780
1003390
981520
1017300
999010
998610
1003940
1002130
985820
1005740
997260
1003450
983400
1015830
1003980
1002270
1001540
1000330
996260
997350
1002430
999400
984660
1012390
1001510
1007070
994270
1002340
998900
993710
1004070
993810
989190
1015760
1000310
999530
1003490
996840
1005690
994680
1000720
1003970
981400
1011460
1008960
997140
1000610
1000720
998760
996000
1003170
996180
983260
1011290
1007670
994050
1004030
1006410
995030
998670
1005270
994670
992130
1007110
1006650
996560
1000450
999560
999800
1000790
1000420
1000020
984430
1009070
1000750
1001300
996870
999680
1000750
1009760
998040
1001350
977890
1016740
1002140
1005770
994400
1000600
1000380
1002130
1001430
993440
985570
1015160
1002840
995980
1000390
996100
999470
1005950
994990
1005560
983850
1016380
1004510
996040
999040
1000280
1000420
998490
1003380
1001180
978080
1015350
1004290
1001270
995870
998790
999320
998730
998210
1003750
990340
1009250
1004380
998790
1000880
1002040
993910
1006670
2081170
908520
1009000
999280
1003650
996260
997760
1002110
994250
999750
1000480
983650
1024240
1000670
995810
998540
1005850
992840
1007580
2125840
861890
1012630
996870
999210
999410
1003890
994450
994520
1002860
1000330
985660
1149510
870410
1002730
997780
998400
1002990
994720
1000740
998750
983890
1019220
1001960
997430
1002370
997420
1001320
999650
1000280
995670
981660
1170920
850260
996470
1004010
1001090
999670
1002000
994210
1008260
979990
1012670
1003930
1001390
994470
1004140
996170
1001810
1003590
998310
982060
1008900
1005800
994880
1006200
993790
1004410
1006520
992570
1004240
984530
1010940
1002540
1003800
994730
1001990
999700
1001890
999530
1000810
985190
1013850
998590
998180
1001450
995900
998940
1004650
1001480
996900
985320
1013260
1002830
1000050
999780
998780
1005830
1000260
998870
998670
985350
1016010
1000060
995350
1001020
997180
999240
999290
998860
999180
989140
1012200
1007290
1001580
999630
1001490
995310
1001150
998730
1000000
988040
1013040
1004010
995410
998820
999800
999450
1000280
998360
1000310
981230
1019320
1001070
1005210
998560
998250
1002490
997960
1000050
998200
982760
1017790
999660
998620
1004930
1001790
991780
999610
1000980
999050
984630
1013870
1001170
1004410
999000
998970
1004130
996770
999120
1001420
985060
1008510
1008420
1000200
998650
1000610
997910
999460
995340
1004870
979130
1014430
1002770
999500
1004630
1002480
999960
1001180
1000010
1000220
983360
1010920
1007520
995530
1000120
1001020
999980
1001070
1001570
994820
981130
1013230
1003650
997330
1005500
995870
1001510
1004430
999220
1000560
981750
1013140
1006730
995010
1005040
995600
1004070
1000190
999300
999570
984410
1010890
1001150
997650
996940
1006050
996690
1000120
1008330
1000120
984210
1004630
1009550
1001220
995670
1001280
1000720
996780
1003930
999190
983940
1016660
997360
993340
1006060
994910
1001730
1001450
999830
1004130
986060
1009230
1004040
1003350
996680
1001880
994770
1004720
1000880
999170
985090
1016620
997770
1001470
981370
1010830
1002490
999470
1000720
999340
983520
1016210
1007460
999070
995980
999300
1004390
995390
1004990
997020
987670
1014240
999650
1001060
996330
999360
996340
1003840
993120
1004680
987100
1007620
1009160
1002270
1000250
1000260
994710
1000130
1007720
991570
984350
1017650
1001290
999790
1000870
1001190
996170
1000030
995140
1003900
980600
1016330
1004130
999830
1000280
1004250
1000580
1000190
994160
1003900
984530
1010220
1007180
998460
1001400
998860
1001080
995020
1001220
994500
983580
1018120
1003290
997020
1001490
1001140
997660
1000930
1007340
995640
986120
1020430
1000830
992920
1000440
997540
1002220
999120
998780
1000070
984740
1011580
1003240
1002060
998900
996860
1000560
1002140
1001640
996890
989460
1011420
1006510
996720
1001750
997070
1001650
1000290
996240
1005320
982470
1011480
999980
998980
1001850
999460
997770
1001770
1001240
1000640
987660
1010300
1004180
1001330
1000030
997690
997240
1002690
1003520
996350
985770
1015810
1001200
998750
991060
999680
1004330
997460
1004440
996890
988830
1013530
1001330
1001310
997940
998790
1003840
997620
1004570
996980
985750
1015560
998740
995980
1002820
994160
1003310
996350
1003100
997720
985600
1183200
836860
996740
1000660
1003450
1002790
996270
1002360
999950
980390
1016100
1005450
998120
996930
1003640
995720
995770
1003120
997130
986330
1011880
1007490
992920
1007320
997450
1005330
995780
1003680
996870
989330
1008020
1004040
1001710
