131470
8883040
1055390
2794710
144550
993870
4017810
1963180
143680
910850
3201800
2857120
3880900
146960
2115910
1026250
2967050
945080
4105970
855880
3013080
995450
882510
2885080
144680
2843850
2134660
971690
1023740
1968200
1034020
997810
2255750
2652280
1104560
1911700
1079020
997240
3833400
145480
2841010
143950
1178350
1823080
1038470
2893410
1094260
995540
2895620
142680
2944750
285190
970160
717280
2294870
718090
1041430
2101340
893810
4196970
803730
2823370
146090
2861660
144700
3251530
663570
2957280
144320
1158200
1833290
2120910
2871110
1039330
2090490
897990
2997140
1947630
1098660
959730
1896220
1106270
3054620
931870
1006610
1955670
1048920
2863830
142260
3140790
850340
2515250
1478670
2115270
1948310
560600
1014100
2615540
287180
1459670
1908600
1359530
287030
3116490
1321580
2245150
295160
1465140
3016250
1138610
849090
2842440
143590
1164080
2691610
142070
2852160
143000
1173830
1877400
973340
2861480
144970
982510
1006180
2881870
143380
2817780
145530
4010400
145230
854130
2206710
768520
1031440
4025260
985560
3094610
891580
2087320
1128390
971500
792710
1017740
2850570
144850
1010980
2104830
2963340
934900
2252270
848570
7093640
261930
4548160
383560
137680
3688500
1030200
2780290
2112270
1068170
2721150
3249180
3980180
2870800
2047490
3101780
4732150
148150
1106430
2760970
145900
2766090
142510
3840320
143290
2865030
143380
1036860
2105080
2872900
1016460
3089280
903160
3787480
142820
1169180
899060
3036570
967410
2102350
1970860
1143640
763090
2429820
143100
1436900
4553180
1095240
1817460
145140
1380680
1019920
2027740
2060880
539400
2261340
732090
1609400
244920
1509320
1160090
2871440
2805240
144530
2875480
146610
1016660
6013030
984270
2248160
717030
4003440
2835430
143470
1048160
2112220
1125540
705820
2933200
147250
982240
2111830
880260
4063640
905080
1025330
2855650
144010
1013110
3038040
2080240
879730
994730
1900620
1102660
995740
3002010
1006610
1972190
1026420
993100
2216510
985110
760750
2954940
1090490
2045380
945310
3028000
2842570
1281440
1958200
893150
5048170
145660
863590
1185230
835860
3156700
2019420
728170
2218200
765490
2930990
143020
2661800
1511990
759400
2870580
142990
2855400
142510
3873540
3113400
1036680
3027620
145330
1649950
142130
1008210
2859230
145860
1011940
2100580
3034390
864650
2936170
2905250
146320
3525420
1486400
2123930
870880
4086900
149760
2943460
1826900
637210
3261590
6602770
141380
5282690
150480
1101180
2319310
143300
1354370
2237040
278820
1469490
988070
992850
2580950
1449290
2073320
2999510
564830
2505210
493730
1011490
2467180
765880
2729910
144320
2115850
284000
695320
2988090
143490
1268890
826950
2135950
864430
2842290
143800
3085160
719440
141990
3102230
898910
2545580
573930
872660
2916580
1122850
2478980
2747040
290750
3502120
923820
2197040
469680
2774240
140760
2238660
3290010
2746080
146280
1030560
2946990
2891910
1300360
1831710
1029520
4021850
2132420
432500
1394240
1942690
1068380
2896660
1254390
1835810
1007590
2238010
712570
3088420
932590
1021790
1164340
839800
2123910
875650
2082390
920760
2475310
139520
1378960
2179650
855190
3032520
2374350
141990
4363220
147950
3934090
147160
1910240
1092870
2004600
1017030
3891520
1958770
2784930
141980
1037730
2231510
724840
2274810
714380
2891130
143700
4854530
147260
1172710
2665110
144550
1180720
2051590
990180
754070
1012890
1050100
2224250
717050
3810620
148320
2110470
974200
2817810
146470
1042220
2875250
981500
144400
1957460
1036460
2875940
143790
3032930
953830
3100710
894380
2178970
840360
3571990
142770
1252380
2228760
771160
2034450
1219040
978800
736440
1008200
1040880
1995780
999650
4139280
1860930
145000
856280
2872500
144240
3619410
404540
967830
3007110
984010
2162180
840320
3136730
719690
142330
999150
2240350
850390
901480
2980680
2861120
144320
1175310
1834130
1014480
2900690
1085380
973260
1040900
1975980
1018830
5929860
144730
931640
991930
2825980
143630
3994170
150900
2723870
143890
1028440
2087290
905400
2850690
142940
2859170
3131200
866460
140290
3061200
944540
1928140
1083210
2216260
713980
3245020
767600
3054480
144670
848880
2202510
2651450
770310
2515320
490160
1799320
4760710
775020
1178950
848670
2115320
890640
1003580
4066170
1975060
1071290
2938560
4066050
2343700
1675210
1905930
3078850
880910
2457710
140260
1034880
1819650
142570
4248610
156010
4061140
1918210
1463260
1010500
3715450
5677770
146310
1162090
3994550
4906410
151980
5960200
4727080
150690
1029120
1845870
2640250
1433460
2899410
1078800
991180
1015650
1189210
841470
2088870
4916710
985650
2163400
854430
2905680
827710
2128890
149640
1119780
848170
2189080
766110
3046400
997300
2264500
715060
1020080
2108240
1730400
2410330
287550
1458560
2019970
990740
2927500
1262560
774150
2056860
976330
2236670
294280
3616600
999130
845920
2247080
714880
2231350
1346170
8900200
1143990
1003800
2059150
931460
991650
1000090
997090
1000610
1434760
573690
992840
998400
1000270
999100
1002420
995190
1001280
998670
1665490
264760
1081230
994460
998070
1001310
999230
999340
999980
999510
1420120
580100
1001450
999920
998470
999560
1000970
999520
996820
998690
4631220
148590
1237100
988630
999020
1001220
999290
1435140
567280
998790
999250
998430
999670
1001230
998710
1001520
999010
1209140
790910
997680
1000340
998970
1000760
1002350
1000100
1001390
999130
1420190
582110
997470
999980
999680
999530
999680
1000240
1000340
1001140
1926790
139260
934390
997350
999360
999050
1000170
1000080
1001480
1001290
1429370
573020
998310
998860
999480
1001980
998280
1000190
998490
1001000
1217010
788390
995810
996910
999890
1001380
998860
999910
1000070
1001800
1423400
579290
999080
998640
1000080
999420
1001660
998910
1001060
999090
1337190
668170
994480
999830
996500
998730
1002440
1000470
1000470
998400
1370820
632350
1002370
998280
999580
999700
999610
1000320
1000120
1001190
1171480
830530
997690
999390
999960
1000460
996700
1001140
999020
1000100
1177070
825210
997890
1003090
999140
1000240
1001090
997910
1000690
1000500
1169660
833330
998300
997590
1000940
998520
1000970
1001010
996580
1000520
1174660
827760
996640
1000110
1004590
999060
999900
1000870
999000
999760
1171660
830380
998660
999020
1000160
1000250
1000670
1000060
999460
995750
1177120
826100
998260
1000600
998880
999740
1003270
999040
1000630
999680
1183000
822180
994670
1001250
998630
1000370
999640
1000850
999270
1000490
1173730
825480
1000580
997930
1000130
998550
1001310
1003690
998380
1000270
1171200
831690
996460
1000990
999950
998780
1001620
998990
1000870
998850
1175180
827670
994460
999760
1001320
998660
999910
1000970
999990
1003010
1172340
826770
1000450
999150
1000890
1002460
997650
999370
1000790
999840
1171650
830440
997360
1001340
995690
1000640
1000390
999110
1000600
999680
1522980
485450
996710
999060
1000010
1000010
998590
1000440
1000690
999570
1171510
831810
998090
998420
998610
1000370
997320
1001380
998720
999660
1179540
823000
1002240
999870
1000120
999790
999360
1000090
999740
1000540
1174350
829200
997490
997830
1000380
1001350
998530
995870
1002550
998190
1186660
817200
996750
1000250
1003720
999510
999350
1000430
1001110
998110
1174090
830110
997170
1000280
998960
1000170
1000540
999650
999800
996220
1176530
825500
998670
1001330
999590
1001310
999660
1000880
1001350
998830
1172310
830410
999280
998570
1000080
1000160
999030
1000090
1000510
998940
1175490
824150
998220
997610
1002440
999490
1000220
1003750
998680
999260
1175880
828810
997350
1000710
998730
999260
1001370
1000070
998220
1000610
1171710
831380
996380
998680
1000010
999870
998970
1000450
1003010
999770
1168860
829760
1002810
999260
999560
999460
1000750
1000610
