134530
2765280
230800
117230
19377590
1268280
1115480
236930
226100
910410
1781770
1008040
234100
227130
1165540
147310
10318200
235710
227720
3007860
239620
8959140
1972980
7999120
234460
226830
135130
229460
262360
1298570
148210
8725800
8736840
235440
135350
225590
227230
1766850
235380
7658370
1019160
8775390
795470
3520960
238590
232020
4744760
4839130
151920
4938390
3306650
4803430
233990
265100
228270
1952400
235730
228210
223890
134780
223250
8396480
141250
224220
227280
4791870
235240
229570
4176730
1614290
153260
8457540
4213530
151950
374380
16326410
8043250
405630
5504120
372230
139370
6584220
239500
264330
230710
1245360
5690550
237140
222930
135720
1260340
147560
3800590
4665020
7697490
152740
3009740
939120
2948420
828140
3815510
238650
221460
260840
227480
4353830
151600
11069310
150760
4561460
247060
225670
8412550
233690
135390
222550
267230
229170
8756400
240710
1662960
242210
136060
225230
371750
7091790
11439270
249110
225560
133890
222450
923320
7721300
698020
141740
6344880
149280
11763230
4972770
4995010
10820960
245200
369300
136160
222880
954870
7793020
273510
225410
3151000
859040
371310
3872910
252980
401270
10056230
4873930
380290
234240
225400
225720
133520
224070
229120
1688540
231620
131870
218790
225230
7292060
234890
226960
13212040
2812470
237540
259000
228010
6925770
7674710
151020
3839920
150280
7962660
1310060
242060
8229780
11208280
256380
227810
225060
135370
223380
503840
142840
7249580
142780
226080
227870
10514760
250270
229720
430470
8358450
250430
228010
265160
230340
404390
539640
224460
219740
131360
220380
423760
221660
131880
220610
423000
219850
132180
220700
419330
132180
218300
248910
252080
249570
248390
247530
421220
220490
131470
220110
420730
220260
130910
220010
1474910
248360
225800
221460
131150
218470
256730
223500
417340
132480
218910
252190
248740
252220
248050
249530
249200
251690
248540
247890
248170
422870
222560
131670
217900
418630
218310
131370
220760
418650
132320
219260
251920
248350
250730
248070
233930
534210
228050
422220
223740
130920
217170
420050
219660
131930
219890
417630
132210
217620
251800
250160
248340
248420
251970
249330
249270
248700
251880
249640
248100
248180
421870
219350
130240
220810
420140
218650
131070
220350
413240
132140
216790
419890
219890
116190
4148680
547390
225250
218040
131870
220690
423210
219230
131280
220030
418240
133080
218550
252880
226340
413920
133130
217310
421290
220170
131000
219620
420720
116180
413710
498430
224330
217940
131100
220380
419570
132920
217150
252700
1397840
535140
223250
218990
131870
220730
419590
132200
218070
249610
251280
247800
247570
418030
219570
131580
221130
421190
219330
132010
219740
418060
132260
203160
500800
424560
219490
131620
220130
420060
132040
217980
252630
248570
251550
248000
248870
248410
251750
247810
417560
218760
131180
219780
417150
131580
218360
251290
248800
247710
248840
420520
220430
130980
222460
420430
219490
131140
219830
417180
131220
217950
233180
521450
229200
417280
132310
218060
251530
249170
247600
251970
249400
248060
249020
252380
248410
247790
418040
218420
132120
220460
421500
219650
131650
219710
416200
132710
216810
421070
220540
130740
220410
420350
219240
131590
219740
416020
131350
217570
419970
991980
235400
132120
217570
426630
220500
131350
220110
421750
219520
131120
219710
417880
132160
219200
251880
249450
251520
248310
247770
247740
420260
219060
132160
218950
413390
131860
218140
250970
248120
251050
248770
248410
417620
218900
130510
219390
590180
140800
473930
223230
218760
131220
220020
418660
132720
218280
251480
249870
248330
251240
248420
248120
248180
421610
219430
131530
220640
422400
219260
131170
219310
416970
132390
218310
248260
248910
418710
217900
131110
220780
418190
132650
219270
223080
415420
116380
659870
509300
223340
131440
218770
253900
222070
415460
132530
217800
421820
219810
131910
219810
420050
219000
131390
219200
416600
132170
216120
419130
219450
131460
218990
416890
131910
218960
249340
252620
249180
247800
247440
417480
219590
130470
220630
589720
140370
474150
224470
216880
131140
219970
418690
133410
219410
251400
2180120
516650
225120
221420
130810
217280
422130
219170
130980
219160
420800
219460
130880
219120
414940
132470
217020
420440
220930
131850
206450
742380
227410
221140
217910
131160
220500
421070
133090
218110
251910
222210
415210
133210
217590
420220
219910
131040
220410
418150
132250
218440
248600
252770
222000
414320
131940
217380
419770
218610
130290
219160
416740
132090
216940
419460
219510
131320
220780
590180
140120
424670
132730
219010
420950
218940
131320
219790
418720
132340
218770
251820
225950
411410
132730
217720
419500
218130
131260
218860
417290
132210
218920
247740
251470
247420
417760
219730
130890
221010
417440
132190
217140
251160
248830
248110
250420
248060
232760
494600
423250
132050
218180
250030
253270
248000
248110
248270
420460
220100
132090
220750
419370
218860
131540
219770
418210
132230
219260
248150
251570
248640
248410
416320
218640
131360
220400
418490
132240
217990
250930
249490
248450
250720
248680
247980
248350
589330
138740
420470
134670
218970
252650
249170
249420
251510
248720
248790
248860
251960
247230
417490
219100
131040
220570
421930
219330
132520
219750
416700
131950
217480
420340
219850
131460
220940
420880
218890
131240
219150
417370
131700
217230
417310
218940
131620
205760
705720
506970
223850
131080
217840
251410
223940
414150
132860
216940
420230
218730
130720
220050
417500
132200
219200
252070
247390
248010
251680
248540
248170
417030
218760
131140
219980
418150
131990
217680
251630
249140
249290
251370
247720
249550
247860
236500
507500
425470
220370
131870
220320
421360
219630
131330
219730
418550
132190
218000
252010
249200
248940
251620
248560
248080
248610
251750
248740
247490
416530
218940
131000
220210
417430
132400
217560
252720
248810
251780
247400
248520
247800
415690
219850
131490
204730
498680
419080
133140
220490
420190
219270
131330
220340
418420
132190
219070
248900
251540
249380
248540
248030
416130
218280
132330
220350
415640
130970
218360
252840
248440
250490
247790
249120
247410
419650
220650
130970
219530
420990
219610
131630
220590
414340
116320
355070
563240
223270
130790
217180
252650
252840
225080
416170
131480
217210
419860
219080
131100
220730
421690
218420
130910
219980
416640
132890
216760
414910
219350
131560
219680
417270
131920
216680
419300
219000
131260
219630
417060
132180
218020
251370
249730
232750
800340
231820
221420
423550
220030
130940
219790
417670
132500
217380
248510
252840
248690
247880
248950
420100
219000
131610
219620
414420
132390
218540
251310
249680
251700
225060
413450
132270
217240
420000
219790
131420
220400
416580
132410
217050
251820
233860
459250
559050
231380
425270
219490
131800
220090
419320
132390
218470
253670
221930
415060
131820
217430
420060
219320
130770
219570
419340
131790
218870
252320
225480
414180
132280
217540
420480
218790
131570
220300
416580
131880
218350
252010
226360
413440
116590
358530
558430
222850
131010
217840
253200
249040
249360
251520
247900
248440
248300
421060
219660
131220
220170
419390
219100
