137320
1734930
228590
218370
131450
222030
433250
223660
131400
217540
422490
219330
131110
220530
424230
218670
131830
221080
426280
219740
130950
220120
420280
132960
218000
251950
247470
248370
247990
247270
423390
220260
130810
220140
701440
503670
223900
217190
131800
219490
428020
219730
131090
220300
423830
219680
131380
220150
414300
131860
217690
423040
219890
131340
219150
421540
219980
131520
219990
419530
132220
217770
250090
247770
246450
421350
219360
130780
219670
415710
131330
219170
6902260
534160
224330
217490
130560
220650
420570
131770
218500
249960
247480
247580
250850
717390
227010
221920
218580
130180
220680
423340
218060
131610
220280
419180
132880
218660
252160
249040
250770
247020
246460
417700
219410
132150
219900
418500
131780
219110
249900
248010
247350
250300
248040
416820
219540
131760
220470
422430
219680
131130
218910
1085290
141080
502430
223850
221030
130810
218390
253070
250800
247390
246680
247180
422280
218550
130730
219580
417400
131990
218040
246510
251080
247410
246950
417570
218250
131910
219420
417780
131880
218480
251590
247840
246340
420240
218390
131900
220630
789510
140570
514820
223930
131160
218890
221030
419470
131740
217070
417260
218870
130880
220440
425160
219370
131900
218930
417740
132700
217650
420880
218860
131470
219410
423110
219660
131550
221060
418200
131870
217140
250490
246930
247820
417110
218900
130770
219960
680990
222030
131430
219760
428150
220930
131420
219720
422030
219460
131190
220230
415300
132870
217120
421430
219410
131250
219970
422460
219070
130770
220620
418450
131950
217740
420850
219470
130980
220230
420710
219560
131280
220050
417580
131640
218720
247770
745180
138420
554490
223140
218230
131130
219710
419850
133070
217640
420220
219580
130440
220930
418960
218590
131100
219340
419330
132500
218310
420140
219180
131100
218970
421410
218810
130950
219840
417760
132390
216680
420760
219800
131700
219990
422090
219060
131660
352340
568850
223840
130570
217990
251550
226480
414090
133210
217340
422080
219430
131440
220210
421220
218830
131000
220980
418680
131860
217820
251130
247590
416460
218340
131250
220380
418460
132660
216630
250070
247370
246800
422650
223320
131200
217230
418580
345160
138780
538860
224330
130750
218020
224550
420930
133090
218650
248500
250580
247740
247330
417520
219450
131700
220350
422220
218910
131070
219090
418640
131910
216900
422800
219840
131200
219670
421040
218720
131310
219630
417020
132000
216410
421040
220140
130910
219560
453680
494160
223030
131140
218980
223520
419460
132980
217470
250350
247880
246820
420820
220340
131590
219770
421480
219420
131230
220630
419380
132320
218070
247860
247300
422450
219100
130590
220250
421910
218820
131190
221110
417960
132430
216230
417160
218760
131390
354020
568160
223530
217910
132540
220160
417830
132490
218980
248060
250800
247610
418940
220180
130570
219190
420840
131820
218220
224530
418370
132550
218510
250760
247650
247370
416470
218690
131140
220150
419130
132500
218960
250920
247370
250880
247200
246860
550790
137060
496700
224640
131460
218220
223730
418910
132380
217440
251140
248280
418550
219320
131220
219370
421680
219310
131200
220650
418480
133000
217700
421500
219230
131380
219650
421840
219250
130750
220100
419980
132470
218110
251080
247070
248740
247250
420850
346630
136910
534320
223400
217420
131960
219890
419820
132640
217740
421130
218830
131060
220550
418620
218480
131820
220270
417150
132520
217280
421660
219040
131120
218830
421750
219190
131600
219180
417790
132100
217250
422580
218780
131770
219890
422320
219100
130860
222250
454540
493000
223270
131330
218790
250760
247880
249980
246930
247070
417140
218170
131560
220210
416890
130620
218520
250410
247520
417540
219610
130930
221080
423960
219830
131270
220970
417230
132350
217820
249350
248360
422050
222850
130850
216890
418970
219080
131510
354070
567140
224260
131010
218180
250630
225340
414350
132490
215730
422320
218470
131260
219250
418420
131980
217140
247790
250720
246590
418920
218900
131290
219670
423730
219170
132100
220170
417020
131230
218420
420300
219900
131980
220060
422460
2507560
227830
131900
218290
252900
248820
249630
246530
422830
219540
131170
219580
424330
220600
131000
220210
423160
219400
131920
219220
418360
131370
218050
420530
219580
131530
219720
421460
218400
131590
219570
419500
132670
217260
488300
429530
219750
131570
219570
423500
220260
130960
220360
418380
132580
217840
247800
252330
248570
247130
417740
219980
131440
220480
422330
218960
131270
219570
418280
132310
218070
421490
218480
131440
220250
421860
219760
131060
219500
419970
133280
218550
250570
627250
556450
224360
217630
130930
221050
418390
132280
218460
246490
421540
218470
131350
221240
422060
219810
130760
219000
417940
131760
216600
417310
219340
131450
220120
422410
217920
131600
223570
418200
132040
218470
251810
247400
246230
420930
218110
131240
469250
434670
219300
131950
219500
421940
219590
131440
220650
418130
131520
217800
248860
249940
248070
419620
219830
131360
219890
421590
220210
131880
220000
418810
132450
218600
251510
247450
247980
247050
421170
219610
130920
220570
422690
219230
131890
219550
807270
139300
508630
223580
217760
130910
219050
420730
132720
218330
252180
248180
247400
416740
218380
131540
219470
418260
131720
218320
250300
248120
248430
251620
247410
247470
416190
218800
131200
219830
417950
132040
217900
250660
248010
415820
219780
131870
220010
729420
226470
221660
217580
130690
218860
420030
131870
218440
250280
247780
247360
419510
218700
130660
219920
413780
132440
217960
251200
247090
420300
218640
130670
219980
422040
218780
131820
220600
418400
132500
217510
246780
420460
220070
131080
221080
414370
133100
664360
223110
220940
131160
217270
424420
220130
130950
219940
423130
218770
130620
219980
417860
131910
218500
251320
247240
418660
219230
131550
220140
421120
219510
131940
220070
416590
131870
216980
420570
218210
130940
220720
417950
131930
218180
249860
246570
247940
455100
494960
222980
222000
131540
216500
422930
218320
131270
220150
419410
133130
217730
249980
247890
248570
250680
248050
247480
416720
219260
131180
220180
418680
132260
217860
251440
247230
247010
421010
219590
131380
219940
420780
219230
132400
220670
418280
132110
349110
549960
223600
131220
217140
249970
225250
417420
132120
216560
420520
219520
130590
220300
422090
218400
131230
219060
418180
132110
216980
417690
218740
131330
219680
417110
131310
217020
419450
218220
131710
219420
415590
131540
218000
251080
248650
246860
248160
453910
493500
222930
219220
131510
220010
425810
219450
131590
219890
418030
132150
217700
250540
246880
247200
420970
218860
130720
219740
420840
218370
131840
219540
418580
133000
217080
416060
219260
131180
219660
417870
131740
217030
251980
248470
246790
421050
356340
136730
524300
223580
217250
131760
221020
420780
132060
219770
248100
251610
247450
247310
418120
219620
131550
221030
420680
131980
218090
223100
417540
131720
217270
421230
218460
130630
221230
422230
218680
131630
