132470
1521730
471400
226880
221720
131390
217340
455400
224090
222610
132390
217370
253620
248760
247710
248010
448510
223340
218750
130980
220040
449390
224310
218780
132320
220800
820860
141350
482180
230350
218980
132510
221750
454980
225780
219350
131560
220530
449610
225520
218630
131600
220400
454550
1287710
144150
583690
478040
231630
224090
135360
372250
615850
229120
451440
224280
397880
139120
475670
225370
131260
218450
254860
225100
450930
226000
131290
217710
252260
223000
446260
224540
132180
217670
253950
227000
448950
222910
131700
218050
252280
225730
445180
225300
131380
218610
252110
226300
445750
224690
131350
219350
253410
226640
447700
5771030
254800
223990
222260
131760
218200
257670
223730
451370
224830
218200
131210
220280
450850
223710
131350
218060
251760
225590
529940
234820
451460
226480
222270
131230
217240
450300
224800
219400
131290
219360
449810
225390
218300
131020
218920
449320
225490
130930
218660
224030
448350
224480
132110
218010
252170
221680
450130
226330
131760
218690
253360
221670
447350
224870
132010
218840
251900
683850
479720
225740
131110
217730
451270
225490
219160
131930
221040
447600
223980
219030
131040
219160
450370
223730
131260
217660
224270
448110
225380
131330
218680
252610
222540
447620
224890
131730
217180
252780
248730
251660
247240
247630
248100
1719390
234270
224180
223630
131020
218970
427420
498870
226260
131870
217570
252930
249460
248530
248000
444510
223580
218720
131140
220010
449670
224340
218050
131400
221150
449050
224450
132020
218510
252440
222160
446960
225830
131630
218630
253100
891020
570860
476340
235460
227590
226840
284460
518140
226880
218930
131370
220550
454770
223770
217970
131560
220570
450210
224320
131220
218170
223800
450200
225390
131730
218750
224180
448550
225340
131270
218480
252880
222040
450710
406170
138360
454010
227630
131310
218530
224920
450510
225060
131570
218120
223470
452420
225870
217920
131580
219070
450070
223190
131730
219350
252360
249800
247900
252190
249390
248470
247470
251310
249090
247050
445680
224070
217570
131850
220110
451460
225080
219420
131220
627480
548570
472810
220950
132950
221100
449840
224540
218550
131940
219750
448480
224030
132230
218220
251940
224920
445070
224690
131690
218190
252910
252410
224330
443900
223950
132420
218300
253740
249880
247580
251020
248710
248690
247870
446660
434400
138990
225650
452650
224670
219820
130730
219920
452530
225420
219590
131270
219820
447060
224640
218010
131970
220180
450080
225770
131110
217890
251720
221210
448430
224100
130720
218890
252420
248790
248420
248410
252720
248670
248820
248880
445850
224960
218120
131250
361820
573630
474210
235440
225350
136850
373460
1737260
140810
219670
454110
224440
222080
131470
217570
449850
224790
218240
131590
220290
449800
223690
218210
131540
220130
448430
225970
219600
132020
220720
450010
411830
139860
453900
225770
218960
131500
220630
450570
225370
218390
131530
220190
450690
226370
131390
218410
223480
449620
224910
131360
218400
252650
223470
448530
224820
131390
218240
252830
225420
445870
224130
131580
217920
254330
225670
445680
225140
131110
217380
251900
404600
600760
229410
449540
225410
217020
131590
220250
451390
224580
132200
218280
224200
450130
225030
130780
218510
223860
451490
224820
130830
217620
252450
221920
448730
224610
130950
217880
252500
248580
247650
250630
248040
445220
223510
218460
131090
221100
528340
232090
257060
227190
446190
224960
131030
218590
252290
225770
448450
225580
131790
220120
224080
447040
224870
132270
217450
252180
226500
445810
225750
130880
218400
253040
224880
446510
225120
131910
217660
252280
249610
248280
250950
246780
248060
446390
730800
232660
219430
131890
220990
456080
224480
217560
132180
220570
450430
223950
131570
217550
253140
222050
449160
224820
131950
218280
252420
224070
447750
223800
131480
218550
252520
248750
250740
247390
248850
248870
447220
224440
218400
130400
220590
449860
394620
137370
454280
225490
131470
218180
253490
249130
249250
249470
251040
248130
247860
248170
449420
224970
221370
131690
217710
448410
225820
217970
131570
220860
448940
2001610
228050
219000
131230
221390
457860
227120
414500
141220
452580
226200
131400
218800
224370
453700
225680
218050
131740
220620
449520
224560
131900
219260
224960
449770
225010
131600
218130
224070
449560
224650
131170
217360
253160
224830
450320
224820
130740
217410
250220
253060
221600
446870
225690
130770
217610
251880
400710
568890
468530
234030
227670
135620
386370
520080
227140
221750
131030
217710
451360
227130
218580
131670
220070
449720
224440
219230
131910
219320
449800
225180
216780
131170
220620
453510
225310
131600
218680
225290
450690
224990
218060
131870
220030
535180
235510
255500
250550
226690
446600
225140
131440
219210
252390
222440
449230
224760
131240
219310
253890
223090
446310
224610
131000
218770
252700
248830
253340
226300
446110
224220
130910
217390
252600
247830
251210
248400
246930
445320
224590
218770
131250
220760
738400
515610
456970
227130
222150
131240
217710
450480
225280
221110
130480
217340
447700
224100
218100
130680
219690
451490
226470
219300
130810
220970
447560
224650
130990
218480
252460
225910
447870
224340
131980
219150
252980
222160
445260
223480
131240
399770
541750
452620
224700
131670
217560
449000
224970
222190
131080
218470
448060
223320
218020
131640
220720
449760
225600
216630
131160
219720
447570
223620
131290
218380
252300
253440
224930
445010
224820
132160
218310
253190
248970
253050
225310
446070
377230
136510
470730
221050
132290
220620
449330
224910
217850
132470
221140
447630
224400
130600
1372570
237030
132370
217390
457150
224150
222370
131110
217580
448490
225090
219500
131690
220580
448680
225110
219240
131400
218860
450020
225130
401280
141050
477520
225730
132080
218440
248550
253500
222270
445780
224110
131350
217220
447040
225210
218130
132610
221120
447130
224110
219070
131310
220130
454190
225100
218900
132190
219850
449560
224470
218110
131240
223370
450680
225270
131210
218270
224080
447840
376410
138430
472900
221470
133240
220360
448400
225070
218150
131470
219620
448600
224370
130710
218580
224220
448200
223730
132150
218120
252670
225540
448370
224180
131470
218130
252440
224490
444260
222830
130810
217100
446980
223390
218450
131530
220160
449020
225940
392580
141660
479800
228270
132230
217580
253150
225580
446650
225580
131320
219040
252440
225540
445410
223700
131760
217760
252860
252090
225450
444300
224860
131590
218920
252350
248670
252600
248110
247220
247020
449680
224620
218180
130060
220330
447910
223720
217100
131810
620250
574310
476180
233920
225530
135800
468400
142610
598400
450130
224650
218390
131350
220680
450820
226130
131200
217520
224980
451350
224450
130670
218570
223150
454060
224450
218740
131490
219510
448610
225370
131510
218250
253070
249560
429150
482200
223220
131340
220470
449530
225660
219290
132030
221790
447850
225120
217970
131190
220930
450880
224290
131930
218650
223820
449200
224210
131210
218280
252000
224920
449160
224090
131030
