226810
1582450
528250
488130
499600
498200
500160
500490
500060
499110
4736030
149260
633310
483640
502720
495970
502620
496440
500760
499070
500160
502110
1019480
139100
330310
510080
500360
499300
499600
501840
497690
503320
496670
504440
496760
501810
497030
502290
499160
497430
501260
499930
3816660
146430
550430
488020
501790
498930
502070
495740
504080
496130
503460
496300
500470
498910
1021500
138140
329210
513670
497370
500880
500380
499160
500420
498440
501530
503540
494830
504410
498110
501050
496990
505310
495910
499670
894460
137390
470530
499620
497670
500670
498800
500820
499770
500240
500340
499970
503800
495510
506170
494390
504150
495680
502150
497800
1013510
137000
331010
518250
499520
501070
499910
498050
501840
500570
498640
500280
500120
502750
498020
503590
495330
503420
498400
500870
894460
136350
470010
497320
500690
499940
498370
500840
500060
500480
499200
500570
500220
498590
500650
499900
503700
497130
502590
496000
965450
137780
406530
491180
500700
499350
499850
500210
500530
499360
498920
501100
501420
498630
499960
498730
499970
504780
496600
503740
671800
226640
598970
503700
495610
503570
496320
499270
500130
500390
499550
500100
500230
499940
499590
500570
500270
500600
501340
497470
677010
225770
601370
496840
502980
493660
504700
497610
500940
499390
500440
499450
500010
499930
500570
500090
498700
499500
501560
504080
673000
227260
595510
501060
497960
504120
497140
502700
497230
499500
499490
501180
499490
499710
500140
498850
501230
499280
499790
500520
674280
227670
603440
495230
502110
498120
502500
497630
504330
495310
499730
499300
499510
502290
499530
499800
498650
501160
498640
500800
676900
227120
597850
502450
496510
501540
498070
503180
496460
502320
497680
504030
495190
502480
499350
498340
502010
498470
500930
499350
671750
228140
604760
496410
503060
495800
502190
497500
504220
496280
503700
496820
502240
497290
498840
503060
498790
499030
499730
500960
675770
226200
598870
499470
498420
501130
500100
501710
498490
502200
497570
502430
497200
502380
497020
499510
499660
501330
499950
499810
671740
226410
603120
499620
498930
500240
500810
497600
503940
498340
502720
496720
503030
497280
502330
497280
502700
498880
498470
499330
686160
226440
588750
498730
501540
499450
498920
500860
499210
505410
495460
502470
497150
505700
494200
503060
497600
503140
496730
498310
677450
226020
598720
499260
499970
499390
500510
501060
499590
498560
502840
498480
502120
498810
501440
496280
504240
495310
504760
497020
694460
224460
583230
497550
500730
499040
500180
500670
499310
499730
500390
499480
500940
503330
496860
502770
495750
504700
495970
502370
670880
227000
601160
499700
498530
499690
500440
499410
501870
498750
499930
500020
499470
501410
501670
497500
502470
497500
502690
497780
675890
227300
600470
496190
498990
500320
501580
499120
498900
500970
500870
499020
499980
499910
499830
503830
497570
502490
496710
503860
668920
225820
602950
502720
495000
501410
499040
499400
500980
499500
501090
498910
500590
500050
499690
499540
500560
499820
503650
495600
679160
227260
599480
495170
503010
496650
499010
500680
499610
501320
499750
498990
501070
499800
499340
499240
500740
501140
499060
503400
670350
228000
599150
502210
497790
503110
497470
502470
496100
499850
500700
499320
500410
499830
500380
499580
500400
499670
499650
501060
1115260
236770
131060
518990
501820
495190
503520
497750
500800
498940
497600
502020
500720
499840
499900
499920
499600
499270
500690
499910
679460
227540
593550
502290
498460
500610
498160
501930
498320
502320
496950
500200
499480
500310
499780
502600
498120
499450
499670
500620
681910
226760
595590
496250
501990
497040
502740
498460
501140
496920
505500
496460
502280
496880
499360
499770
501800
500020
498910
500920
675110
226350
599850
498690
500910
502170
496610
502940
497340
502270
497000
503900
494920
504230
497960
498930
499350
501380
498750
500340
673850
228440
603430
495880
498870
499200
504180
497430
502320
496860
503230
497960
501640
498570
501180
497300
500040
500700
500230
499330
675980
225780
598580
499850
498320
501730
500070
499120
500600
1953680
563360
484870
502070
496370
500020
499380
499350
1009030
138480
329570
524820
498790
500670
499120
499940
501440
497890
504180
496120
504420
497370
502890
496390
504210
495390
503500
496940
802140
136710
562650
498530
500710
501040
498180
499030
501520
500200
498860
503110
497280
503200
496900
501700
499130
501850
496300
501930
1011740
139150
331890
516280
498200
501210
501400
499380
500360
498230
500380
498840
502440
500330
502600
496140
502830
496550
503470
497230
1004820
137920
336040
521070
500520
501160
498460
499900
499700
501180
499520
498750
500520
500610
499340
502640
498080
502670
495750
504310
960550
137960
403500
496810
496650
502890
499190
499060
501000
499540
500240
499100
499000
503440
498110
498970
503200
496260
504180
497190
678680
228200
597640
496350
501840
496250
500740
499620
500370
501030
499810
500080
498760
499280
499800
501210
499230
504150
496340
502720
684900
224450
589750
501800
496260
504290
496000
501200
499300
498880
501250
499530
500670
501240
498720
498420
500090
501240
499160
500730
677990
227540
599400
495870
500770
498400
503630
495610
500380
501360
498230
501240
498910
501430
498520
501140
497300
502660
498900
501810
675170
227610
598990
500780
496260
503890
496530
503330
495940
504640
496680
499360
499270
499980
500660
499640
500340
499560
501390
499470
674210
227040
603930
493440
503750
496790
503110
497040
503410
495730
505060
496220
499720
499030
501220
499740
500430
499830
499610
500630
678280
227380
594640
499450
498920
504500
496400
502030
497830
503380
496880
504190
495480
499920
501060
499100
500630
498800
500330
498720
676630
227750
602690
493580
500370
501340
502220
497470
502880
496520
503520
496620
504030
495370
504270
496620
499340
500230
498940
500760
677320
226230
598090
499140
499510
499610
499820
503400
496800
504660
494630
504520
496330
502810
498220
501960
497050
500460
500180
498720
673670
225710
602840
499400
500020
498350
500970
499610
499960
500710
503940
495950
503690
494670
502700
497540
504200
496780
500020
499880
679620
226770
595080
500250
499080
499840
499130
499830
498940
502660
499280
504410
495580
504000
494700
503970
496960
503830
496960
502980
669330
226730
601820
498800
499880
499970
499500
500110
501060
499770
500790
499580
501060
498150
501430
498470
502210
497750
502360
497330
689470
226220
586440
499310
498290
501700
498140
500780
498870
501500
500200
499700
499890
504370
493910
503990
496460
503040
498020
502840
670610
226240
601830
498450
500400
500240
499030
500290
498850
501020
499140
500930
499690
499800
500210
500770
502420
497280
502580
498650
676250
229400
597090
496820
499060
500610
499770
501310
498280
500860
498270
501650
498950
500290
500540
499480
500390
504160
495410
503020
672790
228310
598480
501040
495780
503160
497640
499390
499480
500200
500880
499720
500170
499330
500030
501150
499180
500020
502840
496210
677320
227620
600670
495910
502940
497270
